id,accession,otu,locus,full_loc,pops,longitude,latitude,fasta
AFMTDNA290,MT447676,Phylloscartes ventralis,cytb,"Cólon, Entre Ríos, Argentina",entre_rios,-58.1447142,-32.2249328,CTAGCTACACAAATTACCACCGGCCTACTACTAGCCATACACTACACAGCAGACACCACCTTAGCATTTACATCAGTCGCCCACACATGCCGAAACGTCCAATTTGGCTGATTAATCCGTAACCTACACGCAAACGGAGCCTCATTCTTTTTCATCTGCATTTACCTACACATCGGCCGAGGCTTCTACTATGGCTCTTACCTCTACAAAGAAACCTGAAACACAGGAATCATTCTTCTCCTCACCCTAATAGCAACTGCCTTCGTTGGCTATGTCCTCCCATGAGGACAGATATCATTCTGAGGGGCTACAGTAATCACAAACCTATTCTCAGCAATCCCCTACATTGGCCAAACACTCGTAGAATGAGCTTGAGGTGGATTCTCCGTCGACAACCCTACACTCACCCGATTCTTCGCCATTCACTTCCTTCTCCCATTCATAATTGCAGGCCTCACACTAATCCACCTAACCTTCCTCCACGAAACAGGCTCCAACAACCCCCTAGGCATTTCCTCAAACTGTGATAAAATCCCATTCCACCCCTACTACTCCACAAAGGATATTCTAGGCTTTATATTCCTTTTCCTCCCCCTATTAAGTCTAACTATATTCTCACCAAACCTTTTAGGTGACCCAGAAAACTTCACCCCCGCCAACCCACTAACAACACCCCCTCACATTAAACCAGAATGATATTTCTTATTCGCGTATGCTATCCTACGATCAATCCCTAACAAACTAGGGGGAGTCCTAGCCCTCGCTGCCTCAGTTCTAATCCTATTCCTAGTCCCTCTCCTCCATATATCAAAACAACGCACAATAACCTTCCGCCCTCTCTCTCAACTTCTATTCTGAACCCTAGTCACAAACCTCCTCATCCTCACATGAATTGGCAGCCAACCAGTAGAACACCCATTTATCATTATCGGCCAACTAGCCTCCCTCACCTATTTCTCCATCCTCCTCATCCTTTTCCCCATCATTACTACACTAGAAAATAAATTATTAAAC
AFMTDNA291,MT447677,Phylloscartes ventralis,cytb,"Centro de Investigación Antonia Ramos, Oberá, Misiones, Argentina",misiones,-54.9400497,-27.4444197,ACACAAATTACCACCGGCCTACTACTAGCCATACACTACACAGCAGACACCACCTTAGCATTTACATCAGTCGCCCACACATGCCGAAACGTCCAATTTGGCTGATTAATCCGTAACCTACACGCAAACGGAGCCTCATTCTTTTTCATCTGCATTTACCTACACATCGGCCGAGGCTTCTACTATGGCTCTTACCTCTACAAAGAAACCTGAAACACAGGAATCATTCTTCTCCTCACCCTAATAGCAACTGCCTTCGTTGGCTATGTCCTCCCATGAGGACAGATATCATTCTGAGGGGCTACAGTAATCACAAACCTATTCTCAGCAATCCCCTATATTGGCCAAACACTCGTAGAATGAGCTTGAGGTGGATTCTCCGTCGACAACCCTACACTCACCCGATTCTTCGCCATTCACTTCCTTCTCCCATTCATAATTGCAGGCCTCACACTAATCCACCTAACCTTCCTCCACGAAACAGGCTCCAACAACCCCCTAGGCATTTCCTCAAACTGTGATAAAATCCCATTCCACCCCTACTACTCCACAAAGGATATTCTAGGCTTTATATTCCTTTTCCTCCCCCTATTAAGTCTAACTATATTCTCACCAAACCTTTTAGGTGACCCAGAAAACTTCACCCCCGCCAACCCACTAACAACACCCCCTCACATTAAACCAGAATGATATTTCTTATTCGCGTATGCTATCCTACGATCAATCCCTAACAAACTAGGAGGAGTCCTAGCCCTCGCTGCCTCAGTTCTAATCCTATTCCTAGTCCCTCTCCTCCATATATCAAAACAACGCACAATAACCTTCCGCCCTCTCTCTCAACTTCTATTCTGAACCCTAGTCACAAACCTCCTCATCCTCACATGAATTGGTAGCCAACCAGTAGAACACCCATTTATCATTATCGGCCAACTAGCCTCCCTCACCTATTTCTCCATCCTCCTCATCCTTTTCCCCATCATTACTACACTAGAAAATAAATTATTAAAC
AFMTDNA292,MT447680,Phylloscartes ventralis,cytb,"Urubicí, Santa Catarina, Brazil",urubici,-49.5929607,-28.0149633,CTAGCTACACAAATTACCACCGGCCTACTACTAGCCATACACTACACAGCAGACACCACCTTAGCATTTACATCAGTCGCCCACACATGCCGAAACGTCCAATTTGGCTGATTAATCCGTAACCTACACGCAAACGGAGCCTCATTCTTTTTCATCTGCATTTACCTACACATCGGCCGAGGCTTCTACTATGGCTCTTACCTCTACAAAGAAACCTGAAACACAGGAATCATTCTTCTCCTCACCCTAATAGCAACTGCCTTCGTTGGCTATGTCCTCCCATGAGGACAGATATCATTCTGAGGGGCTACAGTAATCACAAACCTATTCTCAGCAATCCCCTATATTGGCCAAACACTCGTAGAATGAGCTTGAGGTGGATTCTCCGTCGACAACCCTACACTCACCCGATTCTTCGCCATTCACTTCCTTCTCCCATTCATAATTGCAGGCCTCACACTAATCCACCTAACCTTCCTCCACGAAACAGGCTCCAACAACCCCCTAGGCATTTCCTCAAACTGTGATAAAATCCCATTCCACCCCTACTACTCCACAAAGGATATTCTAGGCTTTATATTCCTTTTCCTCCCCCTATTAAGTCTAACTATATTCTCACCAAACCTTTTAGGTGACCCAGAAAACTTCACCCCCGCCAACCCACTAACAACACCCCCTCACATTAAACCAGAATGATATTTCTTATTCGCGTATGCTATCTTACGATCAATCCCTAACAAACTAGGGGGAGTCCTAGCCCTCGCTGCCTCAGTCCTAATCCTATTCCTAGTCCCTCTCCTCCATATATCAAAACAACGCACAATAACCTTCCGCCCTCTCTCTCAACTTCTATTCTGAACCCTAGTCACAAACCTCCTCATCCTCACATGAATTGGTAGCCAACCAGTAGAACACCCATTTATCATTATCGGCCAACTAGCCTCCCTCACCTATTTCTCCATCCTCCTCATCCTTTTCCCCATCATTACTACACTAGAAAATAAATTATTAAAC
AFMTDNA293,MT447681,Phylloscartes ventralis,cytb,"Quatro Barras, Paraná, Brazil",quatro_barras,-49.0753277,-25.3688228,CTAGCTACACAAATTACCACCGGCCTACTACTAGCCATACACTACACAGCAGACACCACCTTAGCATTTACATCAGTCGCCCACACATGCCGAAACGTCCAATTTGGCTGATTAATCCGTAACCTACACGCAAACGGAGCCTCATTCTTTTTCATCTGCATTTACCTACACATCGGCCGAGGCTTCTACTATGGCTCTTACCTCTACAAAGAAACCTGAAACACAGGAATCATTCTTCTCCTCACCCTAATAGCAACTGCCTTCGTTGGCTATGTCCTCCCATGAGGACAGATATCATTCTGAGGGGCTACAGTAATCACAAACCTATTCTCAGCAATCCCCTATATTGGCCAAACACTCGTAGAATGAGCTTGAGGTGGATTCTCCGTCGACAACCCTACACTCACCCGATTCTTCGCCATTCACTTCCTTCTCCCATTCATAATTGCAGGCCTCACACTAATCCACCTAACCTTCCTCCACGAAACAGGCTCCAACAACCCCCTAGGCATTTCCTCAAACTGTGATAAAATCCCATTCCACCCCTACTACTCCACAAAGGATATTCTAGGCTTTATATTCCTTTTCCTCCCCCTATTAAGTCTAACTATATTCTCACCAAACCTTTTAGGTGACCCAGAAAACTTCACCCCCGCCAACCCACTAACAACACCCCCTCACATTAAACCAGAATGATATTTCTTATTCGCGTATGCTATCCTACGATCAATCCCTAACAAACTAGGGGGAGTCCTAGCCCTCGCTGCCTCAGTCCTAATCCTATTCCTAGTCCCTCTCCTCCATATATCAAAACAACGCACAATAACCTTCCGCCCTCTCTCTCAACTTCTATTCTGAACCCTAGTCACAAACCTCCTCATCCTCACATGAATTGGTAGCCAACCAGTAGAACACCCATTTATCATTATCGGCCAACTAGCCTCCCTCACCTATTTCTCCATCCTCCTCATCCTTTTCCCCATCATTACTACACTAGAAAATAAATTATTAAAC
AFMTDNA294,MT447682,Phylloscartes ventralis,cytb,"Quatro Barras, Paraná, Brazil",quatro_barras,-49.0753277,-25.3688228,CTAGCTACACAAATTACCACTGGCCTACTACTAGCCATACACTACACAGCAGACACCACCTTAGCATTTACATCAGTCGCCCACACATGCCGAAACGTCCAATTTGGCTGATTAATCCGTAACCTACACGCAAACGGAGCCTCATTCTTTTTCATCTGCATTTACCTACACATCGGCCGAGGCTTCTACTATGGCTCTTACCTCTACAAAGAAACCTGAAACACAGGAATCATTCTTCTCCTCACCCTAATAGCAACTGCCTTCGTTGGCTATGTCCTCCCATGAGGACAGATATCATTCTGAGGGGCTACAGTAATCACAAACCTATTCTCAGCAATCCCCTATATTGGCCAAACACTCGTAGAATGAGCTTGAGGTGGATTCTCCGTCGACAACCCTACACTCACCCGATTCTTCGCCATTCACTTCCTTCTCCCATTCATAATTGCAGGCCTCACACTAATCCACCTAACCTTCCTCCACGAAACAGGCTCCAACAACCCCCTAGGCATTTCCTCAAACTGTGATAAAATCCCATTCCACCCCTACTACTCCACAAAGGATATTCTAGGCTTTATATTCCTTTTCCTCCCCCTATTAAGTCTAACTATATTCTCACCAAACCTTTTAGGTGACCCAGAAAACTTCACCCCCGCCAACCCACTAACAACACCCCCTCACATTAAACCAGAATGATATTTCTTATTCGCGTATGCTATCCTACGATCAATCCCTAACAAACTAGGGGGAGTCCTAGCCCTCGCTGCCTCAGTTCTAATCCTATTCCTAGTCCCTCTCCTCCATATATCAAAACAACGCACAATAACCTTCCGCCCTCTCTCTCAACTTGTATTNTGAACCCTAGTCACAAACCTCCTCATCCTCACATGAATTGGTAGCCAACCAGTAGAACACCCATTTATCATTATCGGCCAACTAGCCTCCCTCACCTATTTCTCCATCCTCCTCATCCTTTTCCCCATCATTACTACACTAGAAAATAAATTATTAAAC
AFMTDNA295,MT447684,Phylloscartes ventralis,cytb,"Quatro Barras, Paraná, Brazil",quatro_barras,-49.0753277,-25.3688228,CTAGCTACACAAATTACCACCGGCCTACTACTAGCCATACACTACACAGCAGACACCACCTTAGCATTTACATCAGTCGCCCACACATGCCGAAACGTCCAATTTGGCTGATTAATCCGTAACCTACACGCAAACGGAGCCTCATTCTTTTTCATCTGCATTTACCTACACATCGGCCGAGGCTTCTACTATGGCTCTTACCTCTACAAAGAAACCTGAAACACAGGAATCATTCTTCTCCTCACCCTAATAGCAACTGCCTTCGTTGGCTATGTCCTCCCATGAGGACAGATATCATTCTGAGGGGCTACAGTAATCACAAACCTATTCTCAGCAATCCCCTATATTGGCCAAACACTCGTAGAATGAGCTTGAGGTGGATTCTCCGTCGACAACCCTACACTCACCCGATTCTTCGCCATTCACTTCCTTCTCCCATTCATAATTGCAGGCCTCACACTAATCCACCTAACCTTCCTCCACGAAACAGGCTCCAACAACCCCCTAGGCATTTCCTCAAACTGTGATAAAATCCCATTCCACCCCTACTACTCCACAAAGGATATTCTAGGCTTTATATTCCTTTTCCTCCCCCTATTAAGTCTAACTATATTCTCACCAAACCTTTTAGGTGACCCAGAAAACTTCACCCCCGCCAACCCACTAACAACACCCCCTCACATTAAACCAGAATGATATTTCTTATTCGCGTATGCTATCCTACGATCAATCCCTAACAAACTAGGGGGAGTCCTAGCCCTCACTGCCTCAGTCCTAATCCTATTCCTAGTCCCTCTCCTCCATATATCAAAACAACGCACAATAACCTTCCGCCCTCTCTCTCAACTTCTATTCTGAACCCTAGTCACAAACCTCCTCATCCTCACATGAATTGGTAGCCAACCAGTAGAACACCCATTTATCATTATCGGCCAACTAGCCTCCCTCACCTATTTCTCCATCCTCCTCATCCTTTTCCCCATCATTACTACACTAGAAAATAAATTATTAAAC
AFMTDNA296,MT447683,Phylloscartes ventralis,cytb,"Pelotas, Rio Grande do Sul, Brazil",pelotas,-52.3312971,-31.7699685,ACTACACAGCAGACACCACCTTAGCATTTACATCAGTCGCCCACACATGCCGAAACGTCCAATTTGGCTGATTAATCCGTAACCTACACGCAAACGGAGCCTCATTCTTTTTCATCTGCATTTACCTACACATCGGCCGAGGCTTCTACTATGGCTCTTACCTCTACAAAGAAACCTGAAACACAGGAATCATTCTTCTCCTCACCCTAATAGCAACTGCCTTCGTTGGCTATGTCCTCCCATGAGGACAGATATCATTCTGAGGGGCTACAGTAATCACAAACCTATTCTCAGCAATCCCCTATATTGGCCAAACACTCGTAGAATGAGCTTGAGGTGGATTCTCCGTCGACAACCCTACACTCACCCGATTCTTCGCCATTCACTTCCTTCTCCCATTCATAATTGCAGGCCTCACACTAATCCACCTAACCTTCCTCCACGAAACAGGCTCCAACAACCCCCTAGGCATTTCCTCAAACTGTGATAAAATCCCATTCCACCCCTACTACTCCACAAAGGATATTCTAGGCTTTATATTCCTTTTCCTCCCCCTATTAAGTCTAACTATATTCTCACCAAACCTTTTAGGTGACCCAGAAAACTTCACCCCCGCCAACCCACTAACAACACCCCCTCACATTAAACCAGAATGATATTTCTTATTCGCGTATGCTATCCTACGATCAATCCCTAACAAACTAGGGGGAGTCCTAGCCCTCGCTGCCTCAGTCCTAATCCTATTCCTAGTCCCTCTCCTCCATATATCAAAACAACGCACAATAACCTTCCGCCCTCTCTCTCAACTTCTATTCTGAACCCTAGTCACAAACCTCCTCATCCTCACATGAATTGGTAGCCAACCAGTAGAACACCCATTTATCATTATCGGCCAACTAGCCTCCCTCACCTATTTCTCCATCCTCCTCATCCTTTTCCCCATCATTACTACACTAGAAAATAAATTATTAAAC
AFMTDNA297,MT447685,Phylloscartes ventralis,cytb,"Piedade, São Paulo, Brazil",piedade,-47.4142293,-23.716984,CTAGCTACACAAATTACCACCGGCCTACTACTAGCCATACACTACACAGCAGACACCACCTTAGCATTTACATCAGTCGCCCACACATGCCGAAACGTCCAATTTGGCTGATTAATCCGTAACCTACACGCAAACGGAGCCTCATTCTTTTTCATCTGCATTTACCTACACATCGGCCGAGGCTTCTACTATGGCTCTTACCTCTACAAAGAAACCTGAAACACAGGAATCATTCTTCTCCTCACCCTAATAGCAACTGCCTTCGTTGGCTATGTCCTCCCATGAGGACAGATATCATTCTGAGGGGCTACAGTAATCACAAACCTATTCTCAGCAATCCCCTATATTGGCCAAACACTCGTAGAATGAGCTTGAGGTGGATTCTCCGTCGACAACCCTACACTCACCCGATTCTTCGCCATTCACTTCCTTCTCCCATTCATAATTGCAGGCCTCACACTAATCCACCTAACCTTCCTCCACGAAACAGGCTCCAACAACCCCCTAGGCATTTCCTCAAATTGTGATAAAATCCCATTCCACCCCTACTACTCCACAAAGGATATTCTAGGCTTTATATTCCTTTTCCTCCCCCTATTAAGTCTAACTATATTCTCACCAAACCTTTTAGGTGACCCAGAAAACTTCACCCCCGCCAACCCACTAACAACACCCCCTCACATTAAACCAGAATGATATTTCTTATTCGCGTATGCTATCCTACGATCAATCCCTAACAAACTAGGGGGAGTCCTAGCCCTCGCTGCCTCAGTCCTAATCCTATTCCTAGTCCCTCTCCTCCATATATCAAAACAACGCACAATAACCTTCCGCCCTCTCTCTCAACTTCTATTCTGAACCCTAGTCACAAACCTCCTCATCCTCACATGAATTGGTAGCCAACCAGTAGAACACCCATTTATCATTATCGGCCAACTAGCCTCCCTCACCTATTTCTCCATCCTCCTCATCCTTTTCCCCATCATTACTACACTAGAAAATAAATTATTAAAC
AFMTDNA298,MT447678,Phylloscartes ventralis,cytb,"Sierra da Moderna, Minas Gerais, Brazil",moderna,-43.9199276,-19.9390445,CTAGCAACACAAATTACCACCGGCCTACTACTAGCCATACACTACACAGCAGACACCACCTTAGCATTTACATCAGTCGCCCACACATGCCGAAACGTCCAATTTGGCTGATTAATCCGTAACCTACACGCAAACGGAGCCTCATTCTTTTTCATCTGCATTTACCTACACATCGGCCGAGGCTTCTACTATGGCTCTTACCTCTACAAAGAAACCTGAAACACAGGAATCATTCTTCTCCTCACCCTAATAGCAACTGCCTTCGTTGGCTACGTCCTCCCATGAGGACAGATATCATTCTGAGGAGCTACAGTAATCACAAACCTATTCTCAGCAATCCCCTATATTGGCCAAACACTCGTAGAATGAGCTTGAGGTGGATTCTCCGTCGACAACCCTACACTCACCCGATTCTTCGCCATTCACTTCCTTCTCCCATTCATAATTGCAGGCCTCACACTAATCCACCTAACCTTCCTCCACGAAACAGGCTCCAACAACCCCCTAGGCATTTCCTCAAACTGTGATAAAATCCCATTCCACCCCTACTACTCCACAAAGGATATTCTAGGCTTTATATTCCTTTTCCTCCCCCTATTAAGTCTAACTATATTCTCACCAAACCTTTTAGGTGACCCAGAAAACTTCACCCCCGCCAACCCACTAACAACACCCCCTCACATTAAACCAGAATGATATTTCTTATTCGCGTATGCTATCCTACGATCAATCCCTAACAAACTAGGAGGAGTCCTAGCCCTCGCTGCCTCAGTTCTAATCCTATTCCTAGTCCCTCTCCTCCATATATCAAANCAACGCACAATAACCTTCCGCCCTCTCTCTCAACTTCTATTCTGAACCCTAGTCACAAACCTCCTCATCCTCACATGAATTGGTAGCCAACCAGTAGAACACCCATTCATCATTATCGGCCAACTAGCCTCCCTCACCTATTTCTCCATCCTCCTCATCCTTTTCCCCATCATTACTACACTAGAAAATAAATTATTAAAC
AFMTDNA299,MT447679,Phylloscartes ventralis,cytb,"Sierra da Moderna, Minas Gerais, Brazil",moderna,-43.9199276,-19.9390445,CTAGCAACACAAATTACCACCGGCCTACTACTAGCCATACACTACACAGCAGACACCACCTTAGCATTTACATCAGTCGCCCACACATGCCGAAACGTCCAATTTGGCTGATTAATCCGTAACCTACACGCAAACGGAGCCTCATTCTTTTTCATCTGCATTTACCTACACATCGGCCGAGGCTTCTACTATGGCTCTTACCTCTACAAAGAAACCTGAAACACAGGAATCATTCTTCTCCTCACCCTAATAGCAACTGCCTTCGTTGGCTACGTCCTCCCATGAGGACAGATATCATTCTGAGGAGCTACAGTAATCACAAACCTATTCTCAGCAATCCCCTATATTGGCCAAACACTCGTAGAATGAGCTTGAGGTGGATTCTCCGTCGACAACCCTACACTCACCCGATTCTTCGCCATTCACTTCCTTCTCCCATTCATAATTGCAGGCCTCACACTAATCCACCTAACCTTCCTCCACGAAACAGGCTCCAACAACCCCCTAGGCATTTCCTCAAACTGTGATAAAATCCCATTCCACCCCTACTACTCCACAAAGGATATTCTAGGCTTTATATTCCTTTTCCTCCCCCTATTAAGTCTAACTATATTCTCACCAAACCTTTTAGGTGACCCAGAAAACTTCACCCCCGCCAACCCACTAACAACACCCCCTCACATTAAACCAGAATGATATTTCTTATTCGCATATGCTATCCTACGATCAATCCCTAACAAACTAGGAGGAGTCCTAGCCCTCGCTGCCTCAGTTCTAATCCTATTCCTAGTCCCTCTCCTCCATATATCAAAGCAACGCACAATAACCTTCCGCCCNCTCTCTCAACTTCTATTCTGAACCCTAGTCACAAACCTCCTCATCCTCACATGAATTGGTAGCCAACCAGTAGAACACCCATTCATCATTATCGGCCAACTAGCCTCCCTCACCTATTTCTCCATCCTCCTCATCCTTTTCCCCATCATTACTACACTAGAAAATAAATTATTAAAC
